x,y,headinng,sonar_ang,read,expected
57.5,62.0,0.0,90.0,57.0,57.5
57.5,62.0,0.0,89.0,57.0,57.5
57.5,62.0,0.0,88.0,57.0,57.5
57.5,62.0,0.0,87.0,57.0,57.5
57.5,62.0,0.0,86.0,57.0,57.5
57.5,62.0,0.0,85.0,57.0,57.5
57.5,62.0,0.0,84.0,57.0,57.5
57.5,62.0,0.0,83.0,57.0,57.5
57.5,62.0,0.0,82.0,57.0,57.5
57.5,62.0,0.0,81.0,57.0,57.5
57.5,62.0,0.0,80.0,57.0,57.5
57.5,62.0,0.0,79.0,57.0,57.5
57.5,62.0,0.0,78.0,57.0,57.5
57.5,62.0,0.0,77.0,57.0,57.5
57.5,62.0,0.0,76.0,58.0,57.5
57.5,62.0,0.0,75.0,58.0,57.5
57.5,62.0,0.0,74.0,58.0,57.5
57.5,62.0,0.0,73.0,58.0,57.5
57.5,62.0,0.0,72.0,58.0,57.5
57.5,62.0,0.0,71.0,58.0,57.5
57.5,62.0,0.0,70.0,58.0,57.5
57.5,62.0,0.0,69.0,58.0,57.508758544921875
57.5,62.0,0.0,68.0,59.0,57.53504943847656
57.5,62.0,0.0,67.0,59.0,57.57891082763672
57.5,62.0,0.0,66.0,59.0,57.64040756225586
57.5,62.0,0.0,65.0,59.0,57.71963882446289
57.5,62.0,0.0,64.0,59.0,57.81672668457031
57.5,62.0,0.0,63.0,59.0,57.93181610107422
57.5,62.0,0.0,62.0,60.0,58.065086364746094
57.5,62.0,0.0,61.0,60.0,58.21674728393555
57.5,62.0,0.0,60.0,60.0,58.38703155517578
57.5,62.0,0.0,59.0,60.0,58.576210021972656
57.5,62.0,0.0,58.0,61.0,58.784584045410156
57.5,62.0,0.0,57.0,61.0,59.01248550415039
57.5,62.0,0.0,56.0,62.0,59.260284423828125
57.5,62.0,0.0,55.0,62.0,59.528377532958984
57.5,62.0,0.0,54.0,87.0,59.81721496582031
57.5,62.0,0.0,53.0,86.0,60.12727737426758
57.5,62.0,0.0,52.0,86.0,60.45907974243164
57.5,62.0,0.0,51.0,86.0,60.81319046020508
57.5,62.0,0.0,50.0,86.0,61.19021987915039
57.5,62.0,0.0,49.0,86.0,61.59083557128906
57.5,62.0,0.0,48.0,86.0,62.015750885009766
57.5,62.0,0.0,47.0,87.0,62.465721130371094
57.5,62.0,0.0,46.0,86.0,62.941585540771484
57.5,62.0,0.0,45.0,86.0,63.44422912597656
57.5,62.0,0.0,44.0,86.0,63.974613189697266
57.5,62.0,0.0,43.0,86.0,64.53376007080078
57.5,62.0,0.0,42.0,86.0,65.1227798461914
57.5,62.0,0.0,41.0,86.0,65.74285888671875
57.5,62.0,0.0,40.0,86.0,65.97901916503906
57.5,62.0,0.0,39.0,86.0,65.57247924804688
57.5,62.0,0.0,38.0,86.0,65.19065856933594
57.5,62.0,0.0,37.0,86.0,64.83289337158203
57.5,62.0,0.0,36.0,86.0,64.49856567382812
57.5,62.0,0.0,35.0,86.0,64.18712615966797
57.5,62.0,0.0,34.0,87.0,63.89804458618164
57.5,62.0,0.0,33.0,87.0,63.630855560302734
57.5,62.0,0.0,32.0,86.0,63.38511657714844
57.5,62.0,0.0,31.0,86.0,63.16043472290039
57.5,62.0,0.0,30.0,86.0,62.956451416015625
57.5,62.0,0.0,29.0,65.0,62.7728385925293
57.5,62.0,0.0,28.0,65.0,62.609310150146484
57.5,62.0,0.0,27.0,65.0,62.46561050415039
57.5,62.0,0.0,26.0,66.0,62.341514587402344
57.5,62.0,0.0,25.0,87.0,62.23683166503906
57.5,62.0,0.0,24.0,65.0,62.151397705078125
57.5,62.0,0.0,23.0,64.0,62.085086822509766
57.5,62.0,0.0,22.0,65.0,62.03779220581055
57.5,62.0,0.0,21.0,65.0,62.00944519042969
57.5,62.0,0.0,20.0,65.0,62.0
57.5,62.0,0.0,19.0,64.0,62.0
57.5,62.0,0.0,18.0,64.0,62.0
57.5,62.0,0.0,17.0,64.0,62.0
57.5,62.0,0.0,16.0,63.0,62.0
57.5,62.0,0.0,15.0,63.0,62.0
57.5,62.0,0.0,14.0,63.0,62.0
57.5,62.0,0.0,13.0,63.0,62.0
57.5,62.0,0.0,12.0,63.0,62.0
57.5,62.0,0.0,11.0,63.0,62.0
57.5,62.0,0.0,10.0,63.0,62.0
57.5,62.0,0.0,9.0,63.0,62.0
57.5,62.0,0.0,8.0,63.0,62.0
57.5,62.0,0.0,7.0,63.0,62.0
57.5,62.0,0.0,6.0,63.0,62.0
57.5,62.0,0.0,5.0,63.0,62.0
57.5,62.0,0.0,4.0,63.0,62.0
57.5,62.0,0.0,3.0,62.0,62.0
57.5,62.0,0.0,2.0,63.0,62.0
57.5,62.0,0.0,1.0,62.0,62.0
57.5,62.0,0.0,-0.0,62.0,62.0
57.5,62.0,0.0,-1.0,63.0,62.0
57.5,62.0,0.0,-2.0,62.0,62.0
57.5,62.0,0.0,-3.0,62.0,62.0
57.5,62.0,0.0,-4.0,62.0,62.0
57.5,62.0,0.0,-5.0,62.0,62.0
57.5,62.0,0.0,-6.0,62.0,62.0
57.5,62.0,0.0,-7.0,62.0,62.0
57.5,62.0,0.0,-8.0,62.0,62.0
57.5,62.0,0.0,-9.0,62.0,62.0
57.5,62.0,0.0,-10.0,62.0,62.0
57.5,62.0,0.0,-11.0,62.0,62.0
57.5,62.0,0.0,-12.0,62.0,62.0
57.5,62.0,0.0,-13.0,62.0,62.0
57.5,62.0,0.0,-14.0,63.0,62.0
57.5,62.0,0.0,-15.0,63.0,62.0
57.5,62.0,0.0,-16.0,63.0,62.0
57.5,62.0,0.0,-17.0,63.0,62.0
57.5,62.0,0.0,-18.0,63.0,62.0
57.5,62.0,0.0,-19.0,63.0,62.0
57.5,62.0,0.0,-20.0,63.0,62.0
57.5,62.0,0.0,-21.0,63.0,62.00944519042969
57.5,62.0,0.0,-22.0,63.0,62.03779220581055
57.5,62.0,0.0,-23.0,63.0,62.085086822509766
57.5,62.0,0.0,-24.0,64.0,62.151397705078125
57.5,62.0,0.0,-25.0,64.0,62.23683166503906
57.5,62.0,0.0,-26.0,64.0,62.341514587402344
57.5,62.0,0.0,-27.0,64.0,62.46561050415039
57.5,62.0,0.0,-28.0,64.0,62.609310150146484
57.5,62.0,0.0,-29.0,64.0,62.7728385925293
57.5,62.0,0.0,-30.0,65.0,62.956451416015625
57.5,62.0,0.0,-31.0,65.0,63.16043472290039
57.5,62.0,0.0,-32.0,65.0,63.38511657714844
57.5,62.0,0.0,-33.0,65.0,63.630855560302734
57.5,62.0,0.0,-34.0,255.0,63.89804458618164
57.5,62.0,0.0,-35.0,255.0,64.18712615966797
57.5,62.0,0.0,-36.0,255.0,64.49856567382812
57.5,62.0,0.0,-37.0,255.0,64.83289337158203
57.5,62.0,0.0,-38.0,255.0,65.19065856933594
57.5,62.0,0.0,-39.0,255.0,65.57247924804688
57.5,62.0,0.0,-40.0,255.0,65.97901916503906
57.5,62.0,0.0,-41.0,255.0,66.4109878540039
57.5,62.0,0.0,-42.0,255.0,66.86915588378906
57.5,62.0,0.0,-43.0,255.0,67.35433959960938
57.5,62.0,0.0,-44.0,255.0,67.86744689941406
57.5,62.0,0.0,-45.0,255.0,68.40943145751953
57.5,62.0,0.0,-46.0,255.0,68.98131561279297
57.5,62.0,0.0,-47.0,255.0,69.584228515625
57.5,62.0,0.0,-48.0,255.0,70.21934509277344
57.5,62.0,0.0,-49.0,255.0,70.88794708251953
57.5,62.0,0.0,-50.0,255.0,71.59143829345703
57.5,62.0,0.0,-51.0,255.0,72.3312759399414
57.5,62.0,0.0,-52.0,255.0,73.10906219482422
57.5,62.0,0.0,-53.0,255.0,73.92652893066406
57.5,62.0,0.0,-54.0,255.0,74.78551483154297
57.5,62.0,0.0,-55.0,255.0,75.68802642822266
57.5,62.0,0.0,-56.0,255.0,76.63621520996094
57.5,62.0,0.0,-57.0,255.0,77.63240814208984
57.5,62.0,0.0,-58.0,255.0,78.67913055419922
57.5,62.0,0.0,-59.0,255.0,79.77909851074219
57.5,62.0,0.0,-60.0,255.0,80.93524932861328
57.5,62.0,0.0,-61.0,255.0,82.12694549560547
57.5,62.0,0.0,-62.0,255.0,81.40184783935547
57.5,62.0,0.0,-63.0,255.0,80.71381378173828
57.5,62.0,0.0,-64.0,255.0,80.06147766113281
57.5,62.0,0.0,-65.0,255.0,79.44363403320312
57.5,62.0,0.0,-66.0,255.0,78.85906982421875
57.5,62.0,0.0,-67.0,255.0,78.30673217773438
57.5,62.0,0.0,-68.0,255.0,77.78560638427734
57.5,62.0,0.0,-69.0,255.0,77.29476165771484
57.5,62.0,0.0,-70.0,255.0,76.83332824707031
57.5,62.0,0.0,-71.0,255.0,76.40050506591797
57.5,62.0,0.0,-72.0,255.0,75.99555969238281
57.5,62.0,0.0,-73.0,255.0,75.61779022216797
57.5,62.0,0.0,-74.0,255.0,75.26657104492188
57.5,62.0,0.0,-75.0,255.0,74.94131469726562
57.5,62.0,0.0,-76.0,255.0,74.64149475097656
57.5,62.0,0.0,-77.0,255.0,74.36664581298828
57.5,62.0,0.0,-78.0,255.0,74.11629486083984
57.5,62.0,0.0,-79.0,255.0,73.89005279541016
57.5,62.0,0.0,-80.0,255.0,73.68757629394531
57.5,62.0,0.0,-81.0,76.0,73.50852966308594
57.5,62.0,0.0,-82.0,255.0,73.3526382446289
57.5,62.0,0.0,-83.0,255.0,73.21966552734375
57.5,62.0,0.0,-84.0,76.0,73.10940551757812
57.5,62.0,0.0,-85.0,75.0,73.02169036865234
57.5,62.0,0.0,-86.0,75.0,72.95637512207031
57.5,62.0,0.0,-87.0,75.0,72.91336822509766
57.5,62.0,0.0,-88.0,74.0,72.8926010131836
57.5,62.0,0.0,-89.0,73.0,72.8926010131836
57.5,62.0,0.0,-90.0,72.0,72.8926010131836
